"","Ale_1","Ale_2","Zub_10","Beij_2_1","F15_1","Tinasu_2","Cal1_Chile","F16_2","SUI3_1","Can_3","IT5_1","Chin_1_2","Chin_2_2_HaploIV","Tinasu_1","F_21_1","Azo_3","F5_1","IT9_2","F5_2","IT_4_3","F8_1","Mar3","Aus_1","ES1_2","Kwa_3","S_Afr_1","Aus_2","Kal_2","Kal_3","ES_4_2","ES_4_3","POR_3_3","Kwa_1","Hin_3","Boy_1","Ecu_1","Mx-4","Mx-7","Mx_Va_2","Mx-6","Mx_Va_1","Mx-5","Out_1","Out_3","Per2_2_HaploV","Mx-10","Mx-8","Mx_8_2e_individu","Mx-3","Mx_Mac_2","Mx-12","Mx-13","Mx-14","Mx-11","Teo-4","Mx-17","Mx-21","Mx-20","Mx-22","Mx_23_c","Mx_Ro_1","Mx_Ro_2","Mx-2","Mx-15","Mx-16","Mx-9","Lim_1","Lim_2","PORcol4_3","Bra_1","Car_8","ES_8_1","SUI1_1","EScol7_10","EScol1_1","ES6_1","IT18_2","EScol2_2","EScol8_1","EScol8_2","EScol9_1","IT16_2","Port4_2","F20_1","Beij_1_2","F15_2"
"Ale_1",0,0.0047340311,0.0053892911,0.0054230469,0.0056207104,0.004734248,0.005672045,0.00556749,0.0076985293,0.0040167235,0.0060753451,0.0037943581,0.0041596138,0.008641114,0.0034554086,0.004834777,0.0051237401,0.0096745083,0.0038573743,0.0025156885,0.0094537772,0.0029875862,0.06233409,0.072931417,0.0678476547,0.0716962672,0.0529651927,0.0418487147,0.0423753953,0.0420019065,0.0420827868,0.0283456429,0.0269251598,0.023180032,0.0767953543,0.2492831226,0.2530600447,0.2675782583,0.2573030961,0.2724084657,0.2558191677,0.2468399865,1.4724148363,1.4754308895,1.4778053682,0.1665575243,0.1647841591,0.1657201198,0.2008993312,0.2288959233,0.2154555601,0.1793645012,0.1824790335,0.1655726625,0.1791588734,0.1757130223,0.1741572321,0.1809630081,0.1797855407,0.1602393197,0.1404503928,0.126764766,0.1196949258,0.097542245,0.0969335482,0.1062913287,0.0847073284,0.0848591155,0.0252726721,0.0305269204,0.0398734475,0.0425319038,0.0395043973,0.0441743968,0.0395760358,0.0392952407,0.0197605971,0.0213715854,0.0320764523,0.0332985983,0.0207256479,0.0395721114,0.0328585043,0.0200525234,0.0065243445,0.004052491
"Ale_2",0.0047340311,0,0.0023608546,0.0026223484,0.0028200119,0.0024624333,0.0038065723,0.0037020173,0.0058330566,0.0021512508,0.0042098724,0.002707936,0.0030731917,0.0075546919,0.0023689865,0.0039996861,0.0052222822,0.0097730504,0.0048496852,0.0035079994,0.0104460881,0.0039798971,0.0635750667,0.0741723937,0.0690886314,0.0729372439,0.0542061694,0.0430896914,0.043616372,0.0432428832,0.0433237635,0.0295866196,0.0281661365,0.0244210087,0.078036331,0.2505240993,0.2543010214,0.268819235,0.2585440728,0.2736494424,0.2570601444,0.2480809632,1.473655813,1.4766718662,1.4790463449,0.167798501,0.1660251358,0.1669610965,0.2021403079,0.2301369,0.2166965368,0.1806054779,0.1837200102,0.1668136392,0.1803998501,0.176953999,0.1753982088,0.1822039848,0.1810265174,0.1614802964,0.1416913695,0.1280057427,0.1209359025,0.0987832217,0.0981745249,0.1075323054,0.0859483051,0.0861000922,0.0265136488,0.0317678971,0.0411144242,0.0437728805,0.040745374,0.0454153735,0.0408170125,0.0405362174,0.0210015738,0.0226125621,0.033317429,0.034539575,0.0219666246,0.0408130881,0.034099481,0.0212935001,0.0087705604,0.0062987069
"Zub_10",0.0053892911,0.0023608546,0,0.0032776084,0.0034752719,0.0031176933,0.0044618323,0.0043572773,0.0064883166,0.0028065108,0.0048651324,0.003363196,0.0037284517,0.0082099519,0.0030242465,0.0046549461,0.0058775422,0.0104283104,0.0055049452,0.0041632594,0.0111013481,0.0046351571,0.0642303267,0.0748276537,0.0697438914,0.0735925039,0.0548614294,0.0437449514,0.044271632,0.0438981432,0.0439790235,0.0302418796,0.0288213965,0.0250762687,0.078691591,0.2511793593,0.2549562814,0.269474495,0.2591993328,0.2743047024,0.2577154044,0.2487362232,1.474311073,1.4773271262,1.4797016049,0.168453761,0.1666803958,0.1676163565,0.2027955679,0.23079216,0.2173517968,0.1812607379,0.1843752702,0.1674688992,0.1810551101,0.177609259,0.1760534688,0.1828592448,0.1816817774,0.1621355564,0.1423466295,0.1286610027,0.1215911625,0.0994384817,0.0988297849,0.1081875654,0.0866035651,0.0867553522,0.0271689088,0.0324231571,0.0417696842,0.0444281405,0.041400634,0.0460706335,0.0414722725,0.0411914774,0.0216568338,0.0232678221,0.033972689,0.035194835,0.0226218846,0.0414683481,0.034754741,0.0219487601,0.0094258204,0.0069539669
"Beij_2_1",0.0054230469,0.0026223484,0.0032776084,0,0.0029223653,0.0031514491,0.0044955881,0.0043910331,0.0065220724,0.0028402666,0.0048988882,0.0033969518,0.0037622075,0.0082437077,0.0030580023,0.0046887019,0.005911298,0.0104620662,0.005538701,0.0041970152,0.0111351039,0.0046689129,0.0642640825,0.0748614095,0.0697776472,0.0736262597,0.0548951852,0.0437787072,0.0443053878,0.043931899,0.0440127793,0.0302756354,0.0288551523,0.0251100245,0.0787253468,0.2512131151,0.2549900372,0.2695082508,0.2592330886,0.2743384582,0.2577491602,0.248769979,1.4743448288,1.477360882,1.4797353607,0.1684875168,0.1667141516,0.1676501123,0.2028293237,0.2308259158,0.2173855526,0.1812944937,0.184409026,0.167502655,0.1810888659,0.1776430148,0.1760872246,0.1828930006,0.1817155332,0.1621693122,0.1423803853,0.1286947585,0.1216249183,0.0994722375,0.0988635407,0.1082213212,0.0866373209,0.086789108,0.0272026646,0.0324569129,0.04180344,0.0444618963,0.0414343898,0.0461043893,0.0415060283,0.0412252332,0.0216905896,0.0233015779,0.0340064448,0.0352285908,0.0226556404,0.0415021039,0.0347884968,0.0219825159,0.0094595762,0.0069877227
"F15_1",0.0056207104,0.0028200119,0.0034752719,0.0029223653,0,0.0033491126,0.0046932516,0.0045886966,0.0067197359,0.0030379301,0.0050965517,0.0035946153,0.003959871,0.0084413712,0.0032556658,0.0048863654,0.0061089615,0.0106597297,0.0057363645,0.0043946787,0.0113327674,0.0048665764,0.064461746,0.075059073,0.0699753107,0.0738239232,0.0550928487,0.0439763707,0.0445030513,0.0441295625,0.0442104428,0.0304732989,0.0290528158,0.025307688,0.0789230103,0.2514107786,0.2551877007,0.2697059143,0.2594307521,0.2745361217,0.2579468237,0.2489676425,1.4745424923,1.4775585455,1.4799330242,0.1686851803,0.1669118151,0.1678477758,0.2030269872,0.2310235793,0.2175832161,0.1814921572,0.1846066895,0.1677003185,0.1812865294,0.1778406783,0.1762848881,0.1830906641,0.1819131967,0.1623669757,0.1425780488,0.128892422,0.1218225818,0.099669901,0.0990612042,0.1084189847,0.0868349844,0.0869867715,0.0274003281,0.0326545764,0.0420011035,0.0446595598,0.0416320533,0.0463020528,0.0417036918,0.0414228967,0.0218882531,0.0234992414,0.0342041083,0.0354262543,0.0228533039,0.0416997674,0.0349861603,0.0221801794,0.0096572397,0.0071853862
"Tinasu_2",0.004734248,0.0024624333,0.0031176933,0.0031514491,0.0033491126,0,0.0038067892,0.0037022342,0.0058332735,0.0021514677,0.0042100893,0.0027081529,0.0030734086,0.0075549088,0.0023692034,0.003999903,0.0052224991,0.0097732673,0.0048499021,0.0035082163,0.010446305,0.003980114,0.0635752836,0.0741726106,0.0690888483,0.0729374608,0.0542063863,0.0430899083,0.0436165889,0.0432431001,0.0433239804,0.0295868365,0.0281663534,0.0244212256,0.0780365479,0.2505243162,0.2543012383,0.2688194519,0.2585442897,0.2736496593,0.2570603613,0.2480811801,1.4736560299,1.4766720831,1.4790465618,0.1677987179,0.1660253527,0.1669613134,0.2021405248,0.2301371169,0.2166967537,0.1806056948,0.1837202271,0.1668138561,0.180400067,0.1769542159,0.1753984257,0.1822042017,0.1810267343,0.1614805133,0.1416915864,0.1280059596,0.1209361194,0.0987834386,0.0981747418,0.1075325223,0.085948522,0.0861003091,0.0265138657,0.031768114,0.0411146411,0.0437730974,0.0407455909,0.0454155904,0.0408172294,0.0405364343,0.0210017907,0.022612779,0.0333176459,0.0345397919,0.0219668415,0.040813305,0.0340996979,0.021293717,0.0087707773,0.0062989238
"Cal1_Chile",0.005672045,0.0038065723,0.0044618323,0.0044955881,0.0046932516,0.0038067892,0,0.00267904,0.0062958733,0.0028956169,0.0049542385,0.0036459499,0.0040112056,0.0084927058,0.0033070004,0.0049377,0.0061602961,0.0107110643,0.0057876991,0.0044460133,0.011384102,0.004917911,0.0645130806,0.0751104076,0.0700266453,0.0738752578,0.0551441833,0.0440277053,0.0445543859,0.0441808971,0.0442617774,0.0305246335,0.0291041504,0.0253590226,0.0789743449,0.2514621132,0.2552390353,0.2697572489,0.2594820867,0.2745874563,0.2579981583,0.2490189771,1.4745938269,1.4776098801,1.4799843588,0.1687365149,0.1669631497,0.1678991104,0.2030783218,0.2310749139,0.2176345507,0.1815434918,0.1846580241,0.1677516531,0.181337864,0.1778920129,0.1763362227,0.1831419987,0.1819645313,0.1624183103,0.1426293834,0.1289437566,0.1218739164,0.0997212356,0.0991125388,0.1084703193,0.086886319,0.0870381061,0.0274516627,0.032705911,0.0420524381,0.0447108944,0.0416833879,0.0463533874,0.0417550264,0.0414742313,0.0219395877,0.023550576,0.0342554429,0.0354775889,0.0229046385,0.041751102,0.0350374949,0.022231514,0.0097085743,0.0072367208
"F16_2",0.00556749,0.0037020173,0.0043572773,0.0043910331,0.0045886966,0.0037022342,0.00267904,0,0.0061913183,0.0027910619,0.0048496835,0.0035413949,0.0039066506,0.0083881508,0.0032024454,0.004833145,0.0060557411,0.0106065093,0.0056831441,0.0043414583,0.011279547,0.004813356,0.0644085256,0.0750058526,0.0699220903,0.0737707028,0.0550396283,0.0439231503,0.0444498309,0.0440763421,0.0441572224,0.0304200785,0.0289995954,0.0252544676,0.0788697899,0.2513575582,0.2551344803,0.2696526939,0.2593775317,0.2744829013,0.2578936033,0.2489144221,1.4744892719,1.4775053251,1.4798798038,0.1686319599,0.1668585947,0.1677945554,0.2029737668,0.2309703589,0.2175299957,0.1814389368,0.1845534691,0.1676470981,0.181233309,0.1777874579,0.1762316677,0.1830374437,0.1818599763,0.1623137553,0.1425248284,0.1288392016,0.1217693614,0.0996166806,0.0990079838,0.1083657643,0.086781764,0.0869335511,0.0273471077,0.032601356,0.0419478831,0.0446063394,0.0415788329,0.0462488324,0.0416504714,0.0413696763,0.0218350327,0.023446021,0.0341508879,0.0353730339,0.0228000835,0.041646547,0.0349329399,0.022126959,0.0096040193,0.0071321658
"SUI3_1",0.0076985293,0.0058330566,0.0064883166,0.0065220724,0.0067197359,0.0058332735,0.0062958733,0.0061913183,0,0.0049221012,0.0069807228,0.0056724342,0.0060376899,0.0105191901,0.0053334847,0.0069641843,0.0081867804,0.0127375486,0.0078141834,0.0064724976,0.0134105863,0.0069443953,0.0665395649,0.0771368919,0.0720531296,0.0759017421,0.0571706676,0.0460541896,0.0465808702,0.0462073814,0.0462882617,0.0325511178,0.0311306347,0.0273855069,0.0810008292,0.2534885975,0.2572655196,0.2717837332,0.261508571,0.2766139406,0.2600246426,0.2510454614,1.4766203112,1.4796363644,1.4820108431,0.1707629992,0.168989634,0.1699255947,0.2051048061,0.2331013982,0.219661035,0.1835699761,0.1866845084,0.1697781374,0.1833643483,0.1799184972,0.178362707,0.185168483,0.1839910156,0.1644447946,0.1446558677,0.1309702409,0.1239004007,0.1017477199,0.1011390231,0.1104968036,0.0889128033,0.0890645904,0.029478147,0.0347323953,0.0440789224,0.0467373787,0.0437098722,0.0483798717,0.0437815107,0.0435007156,0.023966072,0.0255770603,0.0362819272,0.0375040732,0.0249311228,0.0437775863,0.0370639792,0.0242579983,0.0117350586,0.0092632051
"Can_3",0.0040167235,0.0021512508,0.0028065108,0.0028402666,0.0030379301,0.0021514677,0.0028956169,0.0027910619,0.0049221012,0,0.0029515086,0.0019906284,0.0023558841,0.0068373843,0.0016516789,0.0032823785,0.0045049746,0.0090557428,0.0041323776,0.0027906918,0.0097287805,0.0032625895,0.0628577591,0.0734550861,0.0683713238,0.0722199363,0.0534888618,0.0423723838,0.0428990644,0.0425255756,0.0426064559,0.028869312,0.0274488289,0.0237037011,0.0773190234,0.2498067917,0.2535837138,0.2681019274,0.2578267652,0.2729321348,0.2563428368,0.2473636556,1.4729385054,1.4759545586,1.4783290373,0.1670811934,0.1653078282,0.1662437889,0.2014230003,0.2294195924,0.2159792292,0.1798881703,0.1830027026,0.1660963316,0.1796825425,0.1762366914,0.1746809012,0.1814866772,0.1803092098,0.1607629888,0.1409740619,0.1272884351,0.1202185949,0.0980659141,0.0974572173,0.1068149978,0.0852309975,0.0853827846,0.0257963412,0.0310505895,0.0403971166,0.0430555729,0.0400280664,0.0446980659,0.0400997049,0.0398189098,0.0202842662,0.0218952545,0.0326001214,0.0338222674,0.021249317,0.0400957805,0.0333821734,0.0205761925,0.0080532528,0.0055813993
"IT5_1",0.0060753451,0.0042098724,0.0048651324,0.0048988882,0.0050965517,0.0042100893,0.0049542385,0.0048496835,0.0069807228,0.0029515086,0,0.00404925,0.0044145057,0.0088960059,0.0037103005,0.0053410001,0.0065635962,0.0111143644,0.0061909992,0.0048493134,0.0117874021,0.0053212111,0.0649163807,0.0755137077,0.0704299454,0.0742785579,0.0555474834,0.0444310054,0.044957686,0.0445841972,0.0446650775,0.0309279336,0.0295074505,0.0257623227,0.079377645,0.2518654133,0.2556423354,0.270160549,0.2598853868,0.2749907564,0.2584014584,0.2494222772,1.474997127,1.4780131802,1.4803876589,0.169139815,0.1673664498,0.1683024105,0.2034816219,0.231478214,0.2180378508,0.1819467919,0.1850613242,0.1681549532,0.1817411641,0.178295313,0.1767395228,0.1835452988,0.1823678314,0.1628216104,0.1430326835,0.1293470567,0.1222772165,0.1001245357,0.0995158389,0.1088736194,0.0872896191,0.0874414062,0.0278549628,0.0331092111,0.0424557382,0.0451141945,0.042086688,0.0467566875,0.0421583265,0.0418775314,0.0223428878,0.0239538761,0.034658743,0.035880889,0.0233079386,0.0421544021,0.035440795,0.0226348141,0.0101118744,0.0076400209
"Chin_1_2",0.0037943581,0.002707936,0.003363196,0.0033969518,0.0035946153,0.0027081529,0.0036459499,0.0035413949,0.0056724342,0.0019906284,0.00404925,0,0.0016336069,0.0061151071,0.0011419369,0.0030600131,0.0042826092,0.0088333774,0.0039100122,0.0025683264,0.0095064151,0.0030402241,0.0626353937,0.0732327207,0.0681489584,0.0719975709,0.0532664964,0.0421500184,0.042676699,0.0423032102,0.0423840905,0.0286469466,0.0272264635,0.0234813357,0.077096658,0.2495844263,0.2533613484,0.267879562,0.2576043998,0.2727097694,0.2561204714,0.2471412902,1.47271614,1.4757321932,1.4781066719,0.166858828,0.1650854628,0.1660214235,0.2012006349,0.229197227,0.2157568638,0.1796658049,0.1827803372,0.1658739662,0.1794601771,0.176014326,0.1744585358,0.1812643118,0.1800868444,0.1605406234,0.1407516965,0.1270660697,0.1199962295,0.0978435487,0.0972348519,0.1065926324,0.0850086321,0.0851604192,0.0255739758,0.0308282241,0.0401747512,0.0428332075,0.039805701,0.0444757005,0.0398773395,0.0395965444,0.0200619008,0.0216728891,0.032377756,0.033599902,0.0210269516,0.0398734151,0.033159808,0.0203538271,0.0078308874,0.0053590339
"Chin_2_2_HaploIV",0.0041596138,0.0030731917,0.0037284517,0.0037622075,0.003959871,0.0030734086,0.0040112056,0.0039066506,0.0060376899,0.0023558841,0.0044145057,0.0016336069,0,0.0064762772,0.0015071926,0.0034252688,0.0046478649,0.0091986331,0.0042752679,0.0029335821,0.0098716708,0.0034054798,0.0630006494,0.0735979764,0.0685142141,0.0723628266,0.0536317521,0.0425152741,0.0430419547,0.0426684659,0.0427493462,0.0290122023,0.0275917192,0.0238465914,0.0774619137,0.249949682,0.2537266041,0.2682448177,0.2579696555,0.2730750251,0.2564857271,0.2475065459,1.4730813957,1.4760974489,1.4784719276,0.1672240837,0.1654507185,0.1663866792,0.2015658906,0.2295624827,0.2161221195,0.1800310606,0.1831455929,0.1662392219,0.1798254328,0.1763795817,0.1748237915,0.1816295675,0.1804521001,0.1609058791,0.1411169522,0.1274313254,0.1203614852,0.0982088044,0.0976001076,0.1069578881,0.0853738878,0.0855256749,0.0259392315,0.0311934798,0.0405400069,0.0431984632,0.0401709567,0.0448409562,0.0402425952,0.0399618001,0.0204271565,0.0220381448,0.0327430117,0.0339651577,0.0213922073,0.0402386708,0.0335250637,0.0207190828,0.0081961431,0.0057242896
"Tinasu_1",0.008641114,0.0075546919,0.0082099519,0.0082437077,0.0084413712,0.0075549088,0.0084927058,0.0083881508,0.0105191901,0.0068373843,0.0088960059,0.0061151071,0.0064762772,0,0.0059886928,0.007906769,0.0091293651,0.0136801333,0.0087567681,0.0074150823,0.014353171,0.00788698,0.0674821496,0.0780794766,0.0729957143,0.0768443268,0.0581132523,0.0469967743,0.0475234549,0.0471499661,0.0472308464,0.0334937025,0.0320732194,0.0283280916,0.0819434139,0.2544311822,0.2582081043,0.2727263179,0.2624511557,0.2775565253,0.2609672273,0.2519880461,1.4775628959,1.4805789491,1.4829534278,0.1717055839,0.1699322187,0.1708681794,0.2060473908,0.2340439829,0.2206036197,0.1845125608,0.1876270931,0.1707207221,0.184306933,0.1808610819,0.1793052917,0.1861110677,0.1849336003,0.1653873793,0.1455984524,0.1319128256,0.1248429854,0.1026903046,0.1020816078,0.1114393883,0.089855388,0.0900071751,0.0304207317,0.03567498,0.0450215071,0.0476799634,0.0446524569,0.0493224564,0.0447240954,0.0444433003,0.0249086567,0.026519645,0.0372245119,0.0384466579,0.0258737075,0.044720171,0.0380065639,0.025200583,0.0126776433,0.0102057898
"F_21_1",0.0034554086,0.0023689865,0.0030242465,0.0030580023,0.0032556658,0.0023692034,0.0033070004,0.0032024454,0.0053334847,0.0016516789,0.0037103005,0.0011419369,0.0015071926,0.0059886928,0,0.0027210636,0.0039436597,0.0084944279,0.0035710627,0.0022293769,0.0091674656,0.0027012746,0.0622964442,0.0728937712,0.0678100089,0.0716586214,0.0529275469,0.0418110689,0.0423377495,0.0419642607,0.042045141,0.0283079971,0.026887514,0.0231423862,0.0767577085,0.2492454768,0.2530223989,0.2675406125,0.2572654503,0.2723708199,0.2557815219,0.2468023407,1.4723771905,1.4753932437,1.4777677224,0.1665198785,0.1647465133,0.165682474,0.2008616854,0.2288582775,0.2154179143,0.1793268554,0.1824413877,0.1655350167,0.1791212276,0.1756753765,0.1741195863,0.1809253623,0.1797478949,0.1602016739,0.140412747,0.1267271202,0.11965728,0.0975045992,0.0968959024,0.1062536829,0.0846696826,0.0848214697,0.0252350263,0.0304892746,0.0398358017,0.042494258,0.0394667515,0.044136751,0.03953839,0.0392575949,0.0197229513,0.0213339396,0.0320388065,0.0332609525,0.0206880021,0.0395344656,0.0328208585,0.0200148776,0.0074919379,0.0050200844
"Azo_3",0.004834777,0.0039996861,0.0046549461,0.0046887019,0.0048863654,0.003999903,0.0049377,0.004833145,0.0069641843,0.0032823785,0.0053410001,0.0030600131,0.0034252688,0.007906769,0.0027210636,0,0.0053230281,0.0098737963,0.0049504311,0.0036087453,0.010546834,0.004080643,0.0636758126,0.0742731396,0.0691893773,0.0730379898,0.0543069153,0.0431904373,0.0437171179,0.0433436291,0.0434245094,0.0296873655,0.0282668824,0.0245217546,0.0781370769,0.2506248452,0.2544017673,0.2689199809,0.2586448187,0.2737501883,0.2571608903,0.2481817091,1.4737565589,1.4767726121,1.4791470908,0.1678992469,0.1661258817,0.1670618424,0.2022410538,0.2302376459,0.2167972827,0.1807062238,0.1838207561,0.1669143851,0.180500596,0.1770547449,0.1754989547,0.1823047307,0.1811272633,0.1615810423,0.1417921154,0.1281064886,0.1210366484,0.0988839676,0.0982752708,0.1076330513,0.086049051,0.0862008381,0.0266143947,0.031868643,0.0412151701,0.0438736264,0.0408461199,0.0455161194,0.0409177584,0.0406369633,0.0211023197,0.022713308,0.0334181749,0.0346403209,0.0220673705,0.040913834,0.0342002269,0.021394246,0.0088713063,0.0063994528
"F5_1",0.0051237401,0.0052222822,0.0058775422,0.005911298,0.0061089615,0.0052224991,0.0061602961,0.0060557411,0.0081867804,0.0045049746,0.0065635962,0.0042826092,0.0046478649,0.0091293651,0.0039436597,0.0053230281,0,0.0098404754,0.0052393942,0.0038977084,0.0108357971,0.0043696061,0.0639647757,0.0745621027,0.0694783404,0.0733269529,0.0545958784,0.0434794004,0.044006081,0.0436325922,0.0437134725,0.0299763286,0.0285558455,0.0248107177,0.07842604,0.2509138083,0.2546907304,0.269208944,0.2589337818,0.2740391514,0.2574498534,0.2484706722,1.474045522,1.4770615752,1.4794360539,0.16818821,0.1664148448,0.1673508055,0.2025300169,0.230526609,0.2170862458,0.1809951869,0.1841097192,0.1672033482,0.1807895591,0.177343708,0.1757879178,0.1825936938,0.1814162264,0.1618700054,0.1420810785,0.1283954517,0.1213256115,0.0991729307,0.0985642339,0.1079220144,0.0863380141,0.0864898012,0.0269033578,0.0321576061,0.0415041332,0.0441625895,0.041135083,0.0458050825,0.0412067215,0.0409259264,0.0213912828,0.0230022711,0.033707138,0.034929284,0.0223563336,0.0412027971,0.03448919,0.0216832091,0.0091602694,0.0066884159
"IT9_2",0.0096745083,0.0097730504,0.0104283104,0.0104620662,0.0106597297,0.0097732673,0.0107110643,0.0106065093,0.0127375486,0.0090557428,0.0111143644,0.0088333774,0.0091986331,0.0136801333,0.0084944279,0.0098737963,0.0098404754,0,0.0097901624,0.0084484766,0.0153865653,0.0089203743,0.0685155439,0.0791128709,0.0740291086,0.0778777211,0.0591466466,0.0480301686,0.0485568492,0.0481833604,0.0482642407,0.0345270968,0.0331066137,0.0293614859,0.0829768082,0.2554645765,0.2592414986,0.2737597122,0.26348455,0.2785899196,0.2620006216,0.2530214404,1.4785962902,1.4816123434,1.4839868221,0.1727389782,0.170965613,0.1719015737,0.2070807851,0.2350773772,0.221637014,0.1855459551,0.1886604874,0.1717541164,0.1853403273,0.1818944762,0.180338686,0.187144462,0.1859669946,0.1664207736,0.1466318467,0.1329462199,0.1258763797,0.1037236989,0.1031150021,0.1124727826,0.0908887823,0.0910405694,0.031454126,0.0367083743,0.0460549014,0.0487133577,0.0456858512,0.0503558507,0.0457574897,0.0454766946,0.025942051,0.0275530393,0.0382579062,0.0394800522,0.0269071018,0.0457535653,0.0390399582,0.0262339773,0.0137110376,0.0112391841
"F5_2",0.0038573743,0.0048496852,0.0055049452,0.005538701,0.0057363645,0.0048499021,0.0057876991,0.0056831441,0.0078141834,0.0041323776,0.0061909992,0.0039100122,0.0042752679,0.0087567681,0.0035710627,0.0049504311,0.0052393942,0.0097901624,0,0.0020913572,0.0091149077,0.0026487167,0.0626984099,0.0732957369,0.0682119746,0.0720605871,0.0533295126,0.0422130346,0.0427397152,0.0423662264,0.0424471067,0.0287099628,0.0272894797,0.0235443519,0.0771596742,0.2496474425,0.2534243646,0.2679425782,0.257667416,0.2727727856,0.2561834876,0.2472043064,1.4727791562,1.4757952094,1.4781696881,0.1669218442,0.165148479,0.1660844397,0.2012636511,0.2292602432,0.21581988,0.1797288211,0.1828433534,0.1659369824,0.1795231933,0.1760773422,0.174521552,0.181327328,0.1801498606,0.1606036396,0.1408147127,0.1271290859,0.1200592457,0.0979065649,0.0972978681,0.1066556486,0.0850716483,0.0852234354,0.025636992,0.0308912403,0.0402377674,0.0428962237,0.0398687172,0.0445387167,0.0399403557,0.0396595606,0.020124917,0.0217359053,0.0324407722,0.0336629182,0.0210899678,0.0399364313,0.0332228242,0.0204168433,0.0078939036,0.0054220501
"IT_4_3",0.0025156885,0.0035079994,0.0041632594,0.0041970152,0.0043946787,0.0035082163,0.0044460133,0.0043414583,0.0064724976,0.0027906918,0.0048493134,0.0025683264,0.0029335821,0.0074150823,0.0022293769,0.0036087453,0.0038977084,0.0084484766,0.0020913572,0,0.0077732219,0.0013070309,0.0613567241,0.0719540511,0.0668702888,0.0707189013,0.0519878268,0.0408713488,0.0413980294,0.0410245406,0.0411054209,0.027368277,0.0259477939,0.0222026661,0.0758179884,0.2483057567,0.2520826788,0.2666008924,0.2563257302,0.2714310998,0.2548418018,0.2458626206,1.4714374704,1.4744535236,1.4768280023,0.1655801584,0.1638067932,0.1647427539,0.1999219653,0.2279185574,0.2144781942,0.1783871353,0.1815016676,0.1645952966,0.1781815075,0.1747356564,0.1731798662,0.1799856422,0.1788081748,0.1592619538,0.1394730269,0.1257874001,0.1187175599,0.0965648791,0.0959561823,0.1053139628,0.0837299625,0.0838817496,0.0242953062,0.0295495545,0.0388960816,0.0415545379,0.0385270314,0.0431970309,0.0385986699,0.0383178748,0.0187832312,0.0203942195,0.0310990864,0.0323212324,0.019748282,0.0385947455,0.0318811384,0.0190751575,0.0065522178,0.0040803643
"F8_1",0.0094537772,0.0104460881,0.0111013481,0.0111351039,0.0113327674,0.010446305,0.011384102,0.011279547,0.0134105863,0.0097287805,0.0117874021,0.0095064151,0.0098716708,0.014353171,0.0091674656,0.010546834,0.0108357971,0.0153865653,0.0091149077,0.0077732219,0,0.0079374438,0.0682948128,0.0788921398,0.0738083775,0.07765699,0.0589259155,0.0478094375,0.0483361181,0.0479626293,0.0480435096,0.0343063657,0.0328858826,0.0291407548,0.0827560771,0.2552438454,0.2590207675,0.2735389811,0.2632638189,0.2783691885,0.2617798905,0.2528007093,1.4783755591,1.4813916123,1.483766091,0.1725182471,0.1707448819,0.1716808426,0.206860054,0.2348566461,0.2214162829,0.185325224,0.1884397563,0.1715333853,0.1851195962,0.1816737451,0.1801179549,0.1869237309,0.1857462635,0.1662000425,0.1464111156,0.1327254888,0.1256556486,0.1035029678,0.102894271,0.1122520515,0.0906680512,0.0908198383,0.0312333949,0.0364876432,0.0458341703,0.0484926266,0.0454651201,0.0501351196,0.0455367586,0.0452559635,0.0257213199,0.0273323082,0.0380371751,0.0392593211,0.0266863707,0.0455328342,0.0388192271,0.0260132462,0.0134903065,0.011018453
"Mar3",0.0029875862,0.0039798971,0.0046351571,0.0046689129,0.0048665764,0.003980114,0.004917911,0.004813356,0.0069443953,0.0032625895,0.0053212111,0.0030402241,0.0034054798,0.00788698,0.0027012746,0.004080643,0.0043696061,0.0089203743,0.0026487167,0.0013070309,0.0079374438,0,0.0618286218,0.0724259488,0.0673421865,0.071190799,0.0524597245,0.0413432465,0.0418699271,0.0414964383,0.0415773186,0.0278401747,0.0264196916,0.0226745638,0.0762898861,0.2487776544,0.2525545765,0.2670727901,0.2567976279,0.2719029975,0.2553136995,0.2463345183,1.4719093681,1.4749254213,1.4772999,0.1660520561,0.1642786909,0.1652146516,0.200393863,0.2283904551,0.2149500919,0.178859033,0.1819735653,0.1650671943,0.1786534052,0.1752075541,0.1736517639,0.1804575399,0.1792800725,0.1597338515,0.1399449246,0.1262592978,0.1191894576,0.0970367768,0.09642808,0.1057858605,0.0842018602,0.0843536473,0.0247672039,0.0300214522,0.0393679793,0.0420264356,0.0389989291,0.0436689286,0.0390705676,0.0387897725,0.0192551289,0.0208661172,0.0315709841,0.0327931301,0.0202201797,0.0390666432,0.0323530361,0.0195470552,0.0070241155,0.004552262
"Aus_1",0.06233409,0.0635750667,0.0642303267,0.0642640825,0.064461746,0.0635752836,0.0645130806,0.0644085256,0.0665395649,0.0628577591,0.0649163807,0.0626353937,0.0630006494,0.0674821496,0.0622964442,0.0636758126,0.0639647757,0.0685155439,0.0626984099,0.0613567241,0.0682948128,0.0618286218,0,0.0323240688,0.0272403065,0.031088919,0.0323912995,0.0376854771,0.0382121577,0.0503204803,0.0504013606,0.0471502695,0.0536168594,0.0567227476,0.1157987711,0.2882865394,0.2920634615,0.3065816751,0.2963065129,0.3114118825,0.2948225845,0.2858434033,1.5114182531,1.5144343063,1.516808785,0.2055609411,0.2037875759,0.2047235366,0.239902748,0.2678993401,0.2544589769,0.218367918,0.2214824503,0.2045760793,0.2181622902,0.2147164391,0.2131606489,0.2199664249,0.2187889575,0.1992427365,0.1794538096,0.1657681828,0.1586983426,0.1365456618,0.135936965,0.1452947455,0.1237107452,0.1238625323,0.0642760889,0.0695303372,0.0788768643,0.0815353206,0.0785078141,0.0831778136,0.0785794526,0.0782986575,0.0681390603,0.0746653642,0.0853702311,0.0865923771,0.0740194267,0.0928658902,0.0861522831,0.0733463022,0.0663706193,0.0638987658
"ES1_2",0.072931417,0.0741723937,0.0748276537,0.0748614095,0.075059073,0.0741726106,0.0751104076,0.0750058526,0.0771368919,0.0734550861,0.0755137077,0.0732327207,0.0735979764,0.0780794766,0.0728937712,0.0742731396,0.0745621027,0.0791128709,0.0732957369,0.0719540511,0.0788921398,0.0724259488,0.0323240688,0,0.0255116011,0.0293602136,0.0429886265,0.0482828041,0.0488094847,0.0609178073,0.0609986876,0.0577475965,0.0642141864,0.0673200746,0.1263960981,0.2988838664,0.3026607885,0.3171790021,0.3069038399,0.3220092095,0.3054199115,0.2964407303,1.5220155801,1.5250316333,1.527406112,0.2161582681,0.2143849029,0.2153208636,0.250500075,0.2784966671,0.2650563039,0.228965245,0.2320797773,0.2151734063,0.2287596172,0.2253137661,0.2237579759,0.2305637519,0.2293862845,0.2098400635,0.1900511366,0.1763655098,0.1692956696,0.1471429888,0.146534292,0.1558920725,0.1343080722,0.1344598593,0.0748734159,0.0801276642,0.0894741913,0.0921326476,0.0891051411,0.0937751406,0.0891767796,0.0888959845,0.0787363873,0.0852626912,0.0959675581,0.0971897041,0.0846167537,0.1034632172,0.0967496101,0.0839436292,0.0769679463,0.0744960928
"Kwa_3",0.0678476547,0.0690886314,0.0697438914,0.0697776472,0.0699753107,0.0690888483,0.0700266453,0.0699220903,0.0720531296,0.0683713238,0.0704299454,0.0681489584,0.0685142141,0.0729957143,0.0678100089,0.0691893773,0.0694783404,0.0740291086,0.0682119746,0.0668702888,0.0738083775,0.0673421865,0.0272403065,0.0255116011,0,0.0150771759,0.0379048642,0.0431990418,0.0437257224,0.055834045,0.0559149253,0.0526638342,0.0591304241,0.0622363123,0.1213123358,0.2938001041,0.2975770262,0.3120952398,0.3018200776,0.3169254472,0.3003361492,0.291356968,1.5169318178,1.519947871,1.5223223497,0.2110745058,0.2093011406,0.2102371013,0.2454163127,0.2734129048,0.2599725416,0.2238814827,0.226996015,0.210089644,0.2236758549,0.2202300038,0.2186742136,0.2254799896,0.2243025222,0.2047563012,0.1849673743,0.1712817475,0.1642119073,0.1420592265,0.1414505297,0.1508083102,0.1292243099,0.129376097,0.0697896536,0.0750439019,0.084390429,0.0870488853,0.0840213788,0.0886913783,0.0840930173,0.0838122222,0.073652625,0.0801789289,0.0908837958,0.0921059418,0.0795329914,0.0983794549,0.0916658478,0.0788598669,0.071884184,0.0694123305
"S_Afr_1",0.0716962672,0.0729372439,0.0735925039,0.0736262597,0.0738239232,0.0729374608,0.0738752578,0.0737707028,0.0759017421,0.0722199363,0.0742785579,0.0719975709,0.0723628266,0.0768443268,0.0716586214,0.0730379898,0.0733269529,0.0778777211,0.0720605871,0.0707189013,0.07765699,0.071190799,0.031088919,0.0293602136,0.0150771759,0,0.0417534767,0.0470476543,0.0475743349,0.0596826575,0.0597635378,0.0565124467,0.0629790366,0.0660849248,0.1251609483,0.2976487166,0.3014256387,0.3159438523,0.3056686901,0.3207740597,0.3041847617,0.2952055805,1.5207804303,1.5237964835,1.5261709622,0.2149231183,0.2131497531,0.2140857138,0.2492649252,0.2772615173,0.2638211541,0.2277300952,0.2308446275,0.2139382565,0.2275244674,0.2240786163,0.2225228261,0.2293286021,0.2281511347,0.2086049137,0.1888159868,0.17513036,0.1680605198,0.145907839,0.1452991422,0.1546569227,0.1330729224,0.1332247095,0.0736382661,0.0788925144,0.0882390415,0.0908974978,0.0878699913,0.0925399908,0.0879416298,0.0876608347,0.0775012375,0.0840275414,0.0947324083,0.0959545543,0.0833816039,0.1022280674,0.0955144603,0.0827084794,0.0757327965,0.073260943
"Aus_2",0.0529651927,0.0542061694,0.0548614294,0.0548951852,0.0550928487,0.0542063863,0.0551441833,0.0550396283,0.0571706676,0.0534888618,0.0555474834,0.0532664964,0.0536317521,0.0581132523,0.0529275469,0.0543069153,0.0545958784,0.0591466466,0.0533295126,0.0519878268,0.0589259155,0.0524597245,0.0323912995,0.0429886265,0.0379048642,0.0417534767,0,0.0283165798,0.0288432604,0.040951583,0.0410324633,0.0377813722,0.0442479621,0.0473538503,0.1064298738,0.2789176421,0.2826945642,0.2972127778,0.2869376156,0.3020429852,0.2854536872,0.276474506,1.5020493558,1.505065409,1.5074398877,0.1961920438,0.1944186786,0.1953546393,0.2305338507,0.2585304428,0.2450900796,0.2089990207,0.212113553,0.195207182,0.2087933929,0.2053475418,0.2037917516,0.2105975276,0.2094200602,0.1898738392,0.1700849123,0.1563992855,0.1493294453,0.1271767645,0.1265680677,0.1359258482,0.1143418479,0.114493635,0.0549071916,0.0601614399,0.069507967,0.0721664233,0.0691389168,0.0738089163,0.0692105553,0.0689297602,0.058770163,0.0652964669,0.0760013338,0.0772234798,0.0646505294,0.0834969929,0.0767833858,0.0639774049,0.057001722,0.0545298685
"Kal_2",0.0418487147,0.0430896914,0.0437449514,0.0437787072,0.0439763707,0.0430899083,0.0440277053,0.0439231503,0.0460541896,0.0423723838,0.0444310054,0.0421500184,0.0425152741,0.0469967743,0.0418110689,0.0431904373,0.0434794004,0.0480301686,0.0422130346,0.0408713488,0.0478094375,0.0413432465,0.0376854771,0.0482828041,0.0431990418,0.0470476543,0.0283165798,0,0.0043841214,0.029835105,0.0299159853,0.0266648942,0.0331314841,0.0362373723,0.0953133958,0.2678011641,0.2715780862,0.2860962998,0.2758211376,0.2909265072,0.2743372092,0.265358028,1.4909328778,1.493948931,1.4963234097,0.1850755658,0.1833022006,0.1842381613,0.2194173727,0.2474139648,0.2339736016,0.1978825427,0.200997075,0.184090704,0.1976769149,0.1942310638,0.1926752736,0.1994810496,0.1983035822,0.1787573612,0.1589684343,0.1452828075,0.1382129673,0.1160602865,0.1154515897,0.1248093702,0.1032253699,0.103377157,0.0437907136,0.0490449619,0.058391489,0.0610499453,0.0580224388,0.0626924383,0.0580940773,0.0578132822,0.047653685,0.0541799889,0.0648848558,0.0661070018,0.0535340514,0.0723805149,0.0656669078,0.0528609269,0.045885244,0.0434133905
"Kal_3",0.0423753953,0.043616372,0.044271632,0.0443053878,0.0445030513,0.0436165889,0.0445543859,0.0444498309,0.0465808702,0.0428990644,0.044957686,0.042676699,0.0430419547,0.0475234549,0.0423377495,0.0437171179,0.044006081,0.0485568492,0.0427397152,0.0413980294,0.0483361181,0.0418699271,0.0382121577,0.0488094847,0.0437257224,0.0475743349,0.0288432604,0.0043841214,0,0.0303617856,0.0304426659,0.0271915748,0.0336581647,0.0367640529,0.0958400764,0.2683278447,0.2721047668,0.2866229804,0.2763478182,0.2914531878,0.2748638898,0.2658847086,1.4914595584,1.4944756116,1.4968500903,0.1856022464,0.1838288812,0.1847648419,0.2199440533,0.2479406454,0.2345002822,0.1984092233,0.2015237556,0.1846173846,0.1982035955,0.1947577444,0.1932019542,0.2000077302,0.1988302628,0.1792840418,0.1594951149,0.1458094881,0.1387396479,0.1165869671,0.1159782703,0.1253360508,0.1037520505,0.1039038376,0.0443173942,0.0495716425,0.0589181696,0.0615766259,0.0585491194,0.0632191189,0.0586207579,0.0583399628,0.0481803656,0.0547066695,0.0654115364,0.0666336824,0.054060732,0.0729071955,0.0661935884,0.0533876075,0.0464119246,0.0439400711
"ES_4_2",0.0420019065,0.0432428832,0.0438981432,0.043931899,0.0441295625,0.0432431001,0.0441808971,0.0440763421,0.0462073814,0.0425255756,0.0445841972,0.0423032102,0.0426684659,0.0471499661,0.0419642607,0.0433436291,0.0436325922,0.0481833604,0.0423662264,0.0410245406,0.0479626293,0.0414964383,0.0503204803,0.0609178073,0.055834045,0.0596826575,0.040951583,0.029835105,0.0303617856,0,0.0022256099,0.026818086,0.0332846759,0.0363905641,0.0954665876,0.2679543559,0.271731278,0.2862494916,0.2759743294,0.291079699,0.274490401,0.2655112198,1.4910860696,1.4941021228,1.4964766015,0.1852287576,0.1834553924,0.1843913531,0.2195705645,0.2475671566,0.2341267934,0.1980357345,0.2011502668,0.1842438958,0.1978301067,0.1943842556,0.1928284654,0.1996342414,0.198456774,0.178910553,0.1591216261,0.1454359993,0.1383661591,0.1162134783,0.1156047815,0.124962562,0.1033785617,0.1035303488,0.0439439054,0.0491981537,0.0585446808,0.0612031371,0.0581756306,0.0628456301,0.0582472691,0.057966474,0.0478068768,0.0543331807,0.0650380476,0.0662601936,0.0536872432,0.0725337067,0.0658200996,0.0530141187,0.0460384358,0.0435665823
"ES_4_3",0.0420827868,0.0433237635,0.0439790235,0.0440127793,0.0442104428,0.0433239804,0.0442617774,0.0441572224,0.0462882617,0.0426064559,0.0446650775,0.0423840905,0.0427493462,0.0472308464,0.042045141,0.0434245094,0.0437134725,0.0482642407,0.0424471067,0.0411054209,0.0480435096,0.0415773186,0.0504013606,0.0609986876,0.0559149253,0.0597635378,0.0410324633,0.0299159853,0.0304426659,0.0022256099,0,0.0268989663,0.0333655562,0.0364714444,0.0955474679,0.2680352362,0.2718121583,0.2863303719,0.2760552097,0.2911605793,0.2745712813,0.2655921001,1.4911669499,1.4941830031,1.4965574818,0.1853096379,0.1835362727,0.1844722334,0.2196514448,0.2476480369,0.2342076737,0.1981166148,0.2012311471,0.1843247761,0.197910987,0.1944651359,0.1929093457,0.1997151217,0.1985376543,0.1789914333,0.1592025064,0.1455168796,0.1384470394,0.1162943586,0.1156856618,0.1250434423,0.103459442,0.1036112291,0.0440247857,0.049279034,0.0586255611,0.0612840174,0.0582565109,0.0629265104,0.0583281494,0.0580473543,0.0478877571,0.054414061,0.0651189279,0.0663410739,0.0537681235,0.072614587,0.0659009799,0.053094999,0.0461193161,0.0436474626
"POR_3_3",0.0283456429,0.0295866196,0.0302418796,0.0302756354,0.0304732989,0.0295868365,0.0305246335,0.0304200785,0.0325511178,0.028869312,0.0309279336,0.0286469466,0.0290122023,0.0334937025,0.0283079971,0.0296873655,0.0299763286,0.0345270968,0.0287099628,0.027368277,0.0343063657,0.0278401747,0.0471502695,0.0577475965,0.0526638342,0.0565124467,0.0377813722,0.0266648942,0.0271915748,0.026818086,0.0268989663,0,0.0196284123,0.0227343005,0.081810324,0.2542980923,0.2580750144,0.272593228,0.2623180658,0.2774234354,0.2608341374,0.2518549562,1.477429806,1.4804458592,1.4828203379,0.171572494,0.1697991288,0.1707350895,0.2059143009,0.233910893,0.2204705298,0.1843794709,0.1874940032,0.1705876322,0.1841738431,0.180727992,0.1791722018,0.1859779778,0.1848005104,0.1652542894,0.1454653625,0.1317797357,0.1247098955,0.1025572147,0.1019485179,0.1113062984,0.0897222981,0.0898740852,0.0302876418,0.0355418901,0.0448884172,0.0475468735,0.044519367,0.0491893665,0.0445910055,0.0443102104,0.0341506132,0.0406769171,0.051381784,0.05260393,0.0400309796,0.0588774431,0.052163836,0.0393578551,0.0323821722,0.0299103187
"Kwa_1",0.0269251598,0.0281661365,0.0288213965,0.0288551523,0.0290528158,0.0281663534,0.0291041504,0.0289995954,0.0311306347,0.0274488289,0.0295074505,0.0272264635,0.0275917192,0.0320732194,0.026887514,0.0282668824,0.0285558455,0.0331066137,0.0272894797,0.0259477939,0.0328858826,0.0264196916,0.0536168594,0.0642141864,0.0591304241,0.0629790366,0.0442479621,0.0331314841,0.0336581647,0.0332846759,0.0333655562,0.0196284123,0,0.0213138174,0.0803898409,0.2528776092,0.2566545313,0.2711727449,0.2608975827,0.2760029523,0.2594136543,0.2504344731,1.4760093229,1.4790253761,1.4813998548,0.1701520109,0.1683786457,0.1693146064,0.2044938178,0.2324904099,0.2190500467,0.1829589878,0.1860735201,0.1691671491,0.18275336,0.1793075089,0.1777517187,0.1845574947,0.1833800273,0.1638338063,0.1440448794,0.1303592526,0.1232894124,0.1011367316,0.1005280348,0.1098858153,0.088301815,0.0884536021,0.0288671587,0.034121407,0.0434679341,0.0461263904,0.0430988839,0.0477688834,0.0431705224,0.0428897273,0.0327301301,0.039256434,0.0499613009,0.0511834469,0.0386104965,0.05745696,0.0507433529,0.037937372,0.0309616891,0.0284898356
"Hin_3",0.023180032,0.0244210087,0.0250762687,0.0251100245,0.025307688,0.0244212256,0.0253590226,0.0252544676,0.0273855069,0.0237037011,0.0257623227,0.0234813357,0.0238465914,0.0283280916,0.0231423862,0.0245217546,0.0248107177,0.0293614859,0.0235443519,0.0222026661,0.0291407548,0.0226745638,0.0567227476,0.0673200746,0.0622363123,0.0660849248,0.0473538503,0.0362373723,0.0367640529,0.0363905641,0.0364714444,0.0227343005,0.0213138174,0,0.0766447131,0.2491324814,0.2529094035,0.2674276171,0.2571524549,0.2722578245,0.2556685265,0.2466893453,1.4722641951,1.4752802483,1.477654727,0.1664068831,0.1646335179,0.1655694786,0.20074869,0.2287452821,0.2153049189,0.17921386,0.1823283923,0.1654220213,0.1790082322,0.1755623811,0.1740065909,0.1808123669,0.1796348995,0.1600886785,0.1402997516,0.1266141248,0.1195442846,0.0973916038,0.096782907,0.1061406875,0.0845566872,0.0847084743,0.0251220309,0.0303762792,0.0397228063,0.0423812626,0.0393537561,0.0440237556,0.0394253946,0.0391445995,0.0289850023,0.0355113062,0.0462161731,0.0474383191,0.0348653687,0.0537118322,0.0469982251,0.0341922442,0.0272165613,0.0247447078
"Boy_1",0.0767953543,0.078036331,0.078691591,0.0787253468,0.0789230103,0.0780365479,0.0789743449,0.0788697899,0.0810008292,0.0773190234,0.079377645,0.077096658,0.0774619137,0.0819434139,0.0767577085,0.0781370769,0.07842604,0.0829768082,0.0771596742,0.0758179884,0.0827560771,0.0762898861,0.1157987711,0.1263960981,0.1213123358,0.1251609483,0.1064298738,0.0953133958,0.0958400764,0.0954665876,0.0955474679,0.081810324,0.0803898409,0.0766447131,0,0.2232164155,0.2269933376,0.2415115512,0.231236389,0.2463417586,0.2297524606,0.2207732794,1.4463481292,1.4493641824,1.4517386611,0.1404908172,0.138717452,0.1396534127,0.1748326241,0.2028292162,0.189388853,0.1532977941,0.1564123264,0.1395059554,0.1530921663,0.1496463152,0.148090525,0.154896301,0.1537188336,0.1341726126,0.1143836857,0.1006980589,0.0936282187,0.0714755379,0.0708668411,0.0802246216,0.0988222999,0.098974087,0.0642542858,0.0772122269,0.086558754,0.0892172103,0.0861897038,0.0908597033,0.0862613423,0.0859805472,0.0826003246,0.0891266285,0.0998314954,0.1010536414,0.088480691,0.1073271545,0.1006135474,0.0878075665,0.0808318836,0.0783600301
